[ 0.71424238  1.8187844  -2.01843622  2.13775989  0.95806792 -1.83744652
 -2.86487918  0.26010377  1.87884011  1.57327644  0.78824845  2.63992007
 -2.5751685  -0.18382495]
-8.757994277742819
[ 0.71424238,1.8187844,-2.01843622,2.13775989,0.95806792,-1.83744652
,-2.86487918,0.26010377,1.87884011,1.57327644,0.78824845,2.63992007
,-2.5751685,-0.18382495]
[ 0.71541833+0.j  ,1.85783508+0.j, -2.12697636+0.j,  2.19469564+0.j,
  0.98556305+0.j ,-1.84997264+0.j, -2.83489895+0.j , 0.27158436+0.j,
  1.81996144+0.j , 1.6254754 +0.j , 0.65291033+0.j , 2.70897169+0.j,
 -2.60299201+0.j ,-0.02455029+0.j]
-7.509138500683862
*----------------------------After this is more accurate
[ 0.67220925+1.18867481e-20j  1.81877923+2.62993084e-20j
 -2.09262692-1.00542190e-20j  2.15775524+1.76127919e-20j
  0.95686359-6.18801377e-22j -1.82164267+1.05695513e-21j
 -2.8632233 -1.11152464e-21j  0.22609258+6.30081084e-22j
  1.8674309 -1.56384425e-21j  1.57831319+1.96395420e-21j
  0.68903303-1.30961213e-20j  2.67558552+1.25714836e-20j
 -2.56683316-1.63613576e-20j -0.05682339+8.52428011e-21j]
-7.815743499967336
[-0.91370272 -1.76928669  1.06276135 -1.82418693 -1.         -1.04586022
 -1.89110152 -0.20556705 -0.38778634 -0.1384325   0.389931    1.50427497
 -1.71352898 -1.99378947] (-7.090285548628312+1.8056883161475583e-17j)
 [ 0.96094515 -1.9370474  -0.29452746  1.54067968  1.          0.49628461
  1.90993857 -0.94104043  0.22837732 -0.45885621  1.59714039 -1.05029966
 -0.62922947  1.86360919] (-7.450358900566463+8.457459007214157e-17j)
     
[ 2.5858868   0.29387917 -2.17654852 -0.85961222  1.         -2.87030439
 -0.51901755 -3.19797632 -2.06971436 -1.55002126  3.79530196 -0.79293708
 -2.01434318  1.35791069] (-8.539926024075777+8.320401648297335e-18j)
 [-0.40634543 , 2.83198389, -0.26446707,  3.09115424,  0.   ,       1.71304599,
 -2.74674538, -0.03027192 , 3.35791201, -3.02624324 ,-2.05586094,  0.34211114,
  3.09766245, -3.14133716] (-8.29487309859046+0j)
